5 2
-2.5132741228718345907701147066236023073577355195001 -1.25663706143591729538505735331180115367886775975 0 1.25663706143591729538505735331180115367886775975 2.5132741228718345907701147066236023073577355195001 0.726542528005361 0.726542528005361 0.726542528005361 0.726542528005361 0.726542528005361
0 1   #[1,0]

1  1
1 0   #[1,1]
1  1

0 1   #[2,0]

1  1
1 0   #[2,1]
1  1

0 1   #[3,0]

1  1
1 0   #[3,1]
1  1

0 1   #[4,0]

1  1
1 0   #[4,1]
1  1

0 1   #[5,0]

1  1
1 0   #[5,1]
1  1

                        sqrt(3)
4                   1.732050807568877  1.044815499854966  0.726542528005361
0.629960524947436   0.832683177655604  0.985492819837972  1.112362449475985
                     sqrt(1/3)^(1/3)