3 2
0 0 0 1 1 1   
30 0   #[0,0]
1 3 5 7 9 11 13 15 17 19 21 23 25 27 29 31 33 35 37 39 41 43 45 47 49 51 53 55 57 59 -0.988682600892831 0.004415914345778 -0.010998466289572 0.000098509139987 -0.000687079694304 0.000005315292314 -0.000061395843455 0.000000398740157 -0.000006432161100 0.000000035613352 -0.000000737432250 0.000000003544732 -0.000000089598877 0.000000000379884 -0.000000011336554 0.000000000042957 -0.000000001477878 0.000000000005060 -0.000000000197135 0.000000000000615 -0.000000000026778 0.000000000000077 -0.000000000003692 0.000000000000010 -0.000000000000515 0.000000000000001 -0.000000000000073 0.000000000000000 -0.000000000000010 0.000000000000000 

0 30   #[0,1]

1 3 5 7 9 11 13 15 17 19 21 23 25 27 29 31 33 35 37 39 41 43 45 47 49 51 53 55 57 59 -0.988682600892831 -0.004415914345778 -0.010998466289572 -0.000098509139987 -0.000687079694304 -0.000005315292314 -0.000061395843455 -0.000000398740157 -0.000006432161100 -0.000000035613352 -0.000000737432250 -0.000000003544732 -0.000000089598877 -0.000000000379884 -0.000000011336554 -0.000000000042957 -0.000000001477878 -0.000000000005060 -0.000000000197135 -0.000000000000615 -0.000000000026778 -0.000000000000077 -0.000000000003692 -0.000000000000010 -0.000000000000515 -0.000000000000001 -0.000000000000073 -0.000000000000000 -0.000000000000010 -0.000000000000000 
30 0   #[1,0]
1 3 5 7 9 11 13 15 17 19 21 23 25 27 29 31 33 35 37 39 41 43 45 47 49 51 53 55 57 59 1.097640051076109 0.028090182332075 0.007235718283341 0.001210181377945 0.000397710135507 0.000096328571545 0.000033629200076 0.000009535736926 0.000003421464149 0.000001057012910 0.000000385466940 0.000000125588249 0.000000046309959 0.000000015639082 0.000000005814575 0.000000002014614 0.000000000753885 0.000000000266254 0.000000000100159 0.000000000035901 0.000000000013564 0.000000000004919 0.000000000001866 0.000000000000683 0.000000000000260 0.000000000000096 0.000000000000037 0.000000000000014 0.000000000000005 0.000000000000002 

0 30   #[1,1]

1 3 5 7 9 11 13 15 17 19 21 23 25 27 29 31 33 35 37 39 41 43 45 47 49 51 53 55 57 59 -0.108957450183279 0.032506096677853 0.003762748006231 0.001308690517932 0.000289369558798 0.000101643863860 0.000027766643378 0.000009934477083 0.000003010696951 0.000001092626261 0.000000351965310 0.000000129132981 0.000000043288918 0.000000016018966 0.000000005521978 0.000000002057571 0.000000000723993 0.000000000271313 0.000000000096976 0.000000000036516 0.000000000013214 0.000000000004996 0.000000000001826 0.000000000000693 0.000000000000255 0.000000000000097 0.000000000000036 0.000000000000014 0.000000000000005 0.000000000000002 
30 0   #[2,0]
1 3 5 7 9 11 13 15 17 19 21 23 25 27 29 31 33 35 37 39 41 43 45 47 49 51 53 55 57 59 -0.108957450183279 -0.032506096677853 0.003762748006231 -0.001308690517932 0.000289369558798 -0.000101643863860 0.000027766643378 -0.000009934477083 0.000003010696951 -0.000001092626261 0.000000351965310 -0.000000129132981 0.000000043288918 -0.000000016018966 0.000000005521978 -0.000000002057571 0.000000000723993 -0.000000000271313 0.000000000096976 -0.000000000036516 0.000000000013214 -0.000000000004996 0.000000000001826 -0.000000000000693 0.000000000000255 -0.000000000000097 0.000000000000036 -0.000000000000014 0.000000000000005 -0.000000000000002 

0 30   #[2,1]

1 3 5 7 9 11 13 15 17 19 21 23 25 27 29 31 33 35 37 39 41 43 45 47 49 51 53 55 57 59 1.097640051076109 -0.028090182332075 0.007235718283341 -0.001210181377945 0.000397710135507 -0.000096328571545 0.000033629200076 -0.000009535736926 0.000003421464149 -0.000001057012910 0.000000385466940 -0.000000125588249 0.000000046309959 -0.000000015639082 0.000000005814575 -0.000000002014614 0.000000000753885 -0.000000000266254 0.000000000100159 -0.000000000035901 0.000000000013564 -0.000000000004919 0.000000000001866 -0.000000000000683 0.000000000000260 -0.000000000000096 0.000000000000037 -0.000000000000014 0.000000000000005 -0.000000000000002 
