3 2
0.5235987755982988730771072305465838140328615665625176368291574320513027343810348331046724708903528447  -3.665191429188092111539750613826086698230030965937623457804102024359119140667243831732707296232469913 -1.570796326794896619231321691639751442098584699687552910487472296153908203143104499314017412671058534    1 1 1 
0 20   #[0,0]

1 5 7 11 13 17 19 23 25 29 31 35 37 41 43 47 49 53 55 59 1.095878511867353 -0.025277541148650 0.005849652773947 -0.000421201902585 0.000122395822777 -0.000011422968718 0.000003600719103 -0.000000375534774 0.000000123325815 -0.000000013685344 0.000000004606584 -0.000000000531848 0.000000000182001 -0.000000000021599 0.000000000007479 -0.000000000000906 0.000000000000316 -0.000000000000039 0.000000000000014 -0.000000000000002 
20 0   #[0,1]
2 4 8 10 14 16 20 22 26 28 32 34 38 40 44 46 50 52 56 58 0.337282594150032 -0.055711759721134 0.002990798227066 -0.000802237196314 0.000067616992837 -0.000020642117869 0.000002050065581 -0.000000661718847 0.000000071351156 -0.000000023759789 0.000000002691858 -0.000000000914407 0.000000000107077 -0.000000000036879 0.000000000004422 -0.000000000001538 0.000000000000188 -0.000000000000066 0.000000000000008 -0.000000000000003 

0 20   #[1,0]

1 5 7 11 13 17 19 23 25 29 31 35 37 41 43 47 49 53 55 59 1.095878511867353 -0.025277541148650 0.005849652773947 -0.000421201902585 0.000122395822777 -0.000011422968718 0.000003600719103 -0.000000375534774 0.000000123325815 -0.000000013685344 0.000000004606584 -0.000000000531848 0.000000000182001 -0.000000000021599 0.000000000007479 -0.000000000000906 0.000000000000316 -0.000000000000039 0.000000000000014 -0.000000000000002 
20 0   #[1,1]
2 4 8 10 14 16 20 22 26 28 32 34 38 40 44 46 50 52 56 58 0.337282594150032 -0.055711759721134 0.002990798227066 -0.000802237196314 0.000067616992837 -0.000020642117869 0.000002050065581 -0.000000661718847 0.000000071351156 -0.000000023759789 0.000000002691858 -0.000000000914407 0.000000000107077 -0.000000000036879 0.000000000004422 -0.000000000001538 0.000000000000188 -0.000000000000066 0.000000000000008 -0.000000000000003 

0 20   #[2,0]

1 5 7 11 13 17 19 23 25 29 31 35 37 41 43 47 49 53 55 59 1.095878511867353 -0.025277541148650 0.005849652773947 -0.000421201902585 0.000122395822777 -0.000011422968718 0.000003600719103 -0.000000375534774 0.000000123325815 -0.000000013685344 0.000000004606584 -0.000000000531848 0.000000000182001 -0.000000000021599 0.000000000007479 -0.000000000000906 0.000000000000316 -0.000000000000039 0.000000000000014 -0.000000000000002 
20 0   #[2,1]
2 4 8 10 14 16 20 22 26 28 32 34 38 40 44 46 50 52 56 58 0.337282594150032 -0.055711759721134 0.002990798227066 -0.000802237196314 0.000067616992837 -0.000020642117869 0.000002050065581 -0.000000661718847 0.000000071351156 -0.000000023759789 0.000000002691858 -0.000000000914407 0.000000000107077 -0.000000000036879 0.000000000004422 -0.000000000001538 0.000000000000188 -0.000000000000066 0.000000000000008 -0.000000000000003 
