3 2
0 1.570796326794896619231321691639751442098584699687552910487472296153908203143104499314017412671058534 -1.570796326794896619231321691639751442098584699687552910487472296153908203143104499314017412671058534 1 1 1  
50 0   #[0,0]
1 5 7 11 13 17 19 23 25 29 31 35 37 41 43 47 49 53 55 59 61 65 67 71 73 77 79 83 85 89 91 95 97 101 103 107 109 113 115 119 121 125 127 131 133 137 139 143 145 149 0.976156836454505 -0.000855386788477 0.002553178092080 -0.000010010441897 0.000070607165901 -0.000000264953280 0.000002923268826 -0.000000009615806 0.000000143880290 -0.000000000413345 0.000000007797221 -0.000000000019751 0.000000000449271 -0.000000000001015 0.000000000027010 -0.000000000000055 0.000000000001675 -0.000000000000003 0.000000000000106 -0.000000000000000  0 0 0 0 0 0 0 0 0 0 0 0 0 0 0 0 0 0 0 0 0 0 0 0 0 0 0 0 0 0

0 50   #[0,1]

1 5 7 11 13 17 19 23 25 29 31 35 37 41 43 47 49 53 55 59 61 65 67 71 73 77 79 83 85 89 91 95 97 101 103 107 109 113 115 119 121 125 127 131 133 137 139 143 145 149  -0.976156836454505 -0.000855386788477 -0.002553178092080 -0.000010010441897 -0.000070607165901 -0.000000264953280 -0.000002923268826 -0.000000009615806 -0.000000143880290 -0.000000000413345 -0.000000007797221 -0.000000000019751 -0.000000000449271 -0.000000000001015 -0.000000000027010 -0.000000000000055 -0.000000000001675 -0.000000000000003 -0.000000000000106 -0.000000000000000  0 0 0 0 0 0 0 0 0 0 0 0 0 0 0 0 0 0 0 0 0 0 0 0 0 0 0 0 0 0
50 50   #[1,0]
2 4 8 10 14 16 20 22 26 28 32 34 38 40 44 46 50 52 56 58 62 64 68 70 74 76 80 82 86 88 92 94 98 100 104 106 110 112 116 118 122 124 128 130 134 136 140 142 146 148 0.391909145271095 -0.010954999544118 -0.000993448631289 0.000189306301678 0.000016796318671 -0.000006841000982 -0.000000465422872 0.000000315460638 0.000000016378842 -0.000000016451835 -0.000000000665176 0.000000000924225 0.000000000029744 -0.000000000054572 -0.000000000001426 0.000000000003339 0.000000000000072 -0.000000000000210 -0.000000000000004 0.000000000000013  0 0 0 0 0 0 0 0 0 0 0 0 0 0 0 0 0 0 0 0 0 0 0 0 0 0 0 0 0 0
1 5 7 11 13 17 19 23 25 29 31 35 37 41 43 47 49 53 55 59 61 65 67 71 73 77 79 83 85 89 91 95 97 101 103 107 109 113 115 119 121 125 127 131 133 137 139 143 145 149  0.488078418227252 -0.000427693394239 -0.001276589046040 0.000005005220949 0.000035303582950 -0.000000132476640 -0.000001461634413 0.000000004807903 0.000000071940145 -0.000000000206673 -0.000000003898611 0.000000000009876 0.000000000224636 -0.000000000000507 -0.000000000013505 0.000000000000027 0.000000000000838 -0.000000000000002 -0.000000000000053 0.000000000000000  0 0 0 0 0 0 0 0 0 0 0 0 0 0 0 0 0 0 0 0 0 0 0 0 0 0 0 0 0 0
50 50   #[1,1]
1 5 7 11 13 17 19 23 25 29 31 35 37 41 43 47 49 53 55 59 61 65 67 71 73 77 79 83 85 89 91 95 97 101 103 107 109 113 115 119 121 125 127 131 133 137 139 143 145 149  0.488078418227252 0.000427693394239 -0.001276589046040 -0.000005005220949 0.000035303582950 0.000000132476640 -0.000001461634413 -0.000000004807903 0.000000071940145 0.000000000206673 -0.000000003898611 -0.000000000009876 0.000000000224636 0.000000000000507 -0.000000000013505 -0.000000000000027 0.000000000000838 0.000000000000002 -0.000000000000053 -0.000000000000000  0 0 0 0 0 0 0 0 0 0 0 0 0 0 0 0 0 0 0 0 0 0 0 0 0 0 0 0 0 0
2 4 8 10 14 16 20 22 26 28 32 34 38 40 44 46 50 52 56 58 62 64 68 70 74 76 80 82 86 88 92 94 98 100 104 106 110 112 116 118 122 124 128 130 134 136 140 142 146 148 0.391909145271095 0.010954999544118 -0.000993448631289 -0.000189306301678 0.000016796318671 0.000006841000982 -0.000000465422872 -0.000000315460638 0.000000016378842 0.000000016451835 -0.000000000665176 -0.000000000924225 0.000000000029744 0.000000000054572 -0.000000000001426 -0.000000000003339 0.000000000000072 0.000000000000210 -0.000000000000004 -0.000000000000013  0 0 0 0 0 0 0 0 0 0 0 0 0 0 0 0 0 0 0 0 0 0 0 0 0 0 0 0 0 0
50 50   #[2,0]
2 4 8 10 14 16 20 22 26 28 32 34 38 40 44 46 50 52 56 58 62 64 68 70 74 76 80 82 86 88 92 94 98 100 104 106 110 112 116 118 122 124 128 130 134 136 140 142 146 148 -0.391909145271095 0.010954999544118 0.000993448631289 -0.000189306301678 -0.000016796318671 0.000006841000982 0.000000465422872 -0.000000315460638 -0.000000016378842 0.000000016451835 0.000000000665176 -0.000000000924225 -0.000000000029744 0.000000000054572 0.000000000001426 -0.000000000003339 -0.000000000000072 0.000000000000210 0.000000000000004 -0.000000000000013  0 0 0 0 0 0 0 0 0 0 0 0 0 0 0 0 0 0 0 0 0 0 0 0 0 0 0 0 0 0
1 5 7 11 13 17 19 23 25 29 31 35 37 41 43 47 49 53 55 59 61 65 67 71 73 77 79 83 85 89 91 95 97 101 103 107 109 113 115 119 121 125 127 131 133 137 139 143 145 149  -0.488078418227252 0.000427693394239 0.001276589046040 -0.000005005220949 -0.000035303582950 0.000000132476640 0.000001461634413 -0.000000004807903 -0.000000071940145 0.000000000206673 0.000000003898611 -0.000000000009876 -0.000000000224636 0.000000000000507 0.000000000013505 -0.000000000000027 -0.000000000000838 0.000000000000002 0.000000000000053 -0.000000000000000  0 0 0 0 0 0 0 0 0 0 0 0 0 0 0 0 0 0 0 0 0 0 0 0 0 0 0 0 0 0
50 50   #[2,1]
1 5 7 11 13 17 19 23 25 29 31 35 37 41 43 47 49 53 55 59 61 65 67 71 73 77 79 83 85 89 91 95 97 101 103 107 109 113 115 119 121 125 127 131 133 137 139 143 145 149  -0.488078418227252 -0.000427693394239 0.001276589046040 0.000005005220949 -0.000035303582950 -0.000000132476640 0.000001461634413 0.000000004807903 -0.000000071940145 -0.000000000206673 0.000000003898611 0.000000000009876 -0.000000000224636 -0.000000000000507 0.000000000013505 0.000000000000027 -0.000000000000838 -0.000000000000002 0.000000000000053 0.000000000000000  0 0 0 0 0 0 0 0 0 0 0 0 0 0 0 0 0 0 0 0 0 0 0 0 0 0 0 0 0 0
2 4 8 10 14 16 20 22 26 28 32 34 38 40 44 46 50 52 56 58 62 64 68 70 74 76 80 82 86 88 92 94 98 100 104 106 110 112 116 118 122 124 128 130 134 136 140 142 146 148 -0.391909145271095 -0.010954999544118 0.000993448631289 0.000189306301678 -0.000016796318671 -0.000006841000982 0.000000465422872 0.000000315460638 -0.000000016378842 -0.000000016451835 0.000000000665176 0.000000000924225 -0.000000000029744 -0.000000000054572 0.000000000001426 0.000000000003339 -0.000000000000072 -0.000000000000210 0.000000000000004 0.000000000000013  0 0 0 0 0 0 0 0 0 0 0 0 0 0 0 0 0 0 0 0 0 0 0 0 0 0 0 0 0 0

0.000000000000000 -0.979649369370515 0.000000 14982844642.883900 0.010000 0.990614588061751 0.000000000000000 0.000000 1
0.000000000000000 0.108056291707679 0.000000 14982844642.883900 0.010000 -1.333148030640792 -0.000000000000000 0.000000 2
0.000000000000000 0.871593077662836 0.000000 14982844642.883900 0.010000 0.342533442579041 -0.000000000000000 0.000000 3
